1666339759
1666382899
1666455019
1666459819
1666524299
1666584309
1666659228
1666758339
1666811000
1666816224
1666873079
1666308899
1666361099
1666456147
1666488709
1666527748
1666603539
1666718709
1666781830
1666796409
1666810919
1666940029
1666296519
1666313549
1666490209
1666669505
1666683409
1666694273
1666729679
1666738103
1666813609
1666845171
1666895839
1666393674
1666428419
1666474784
1666586881
1666661879
1666705374
1666729589
1666810530
1666835421
1666273489
1666427313
1666469089
1666506380
1666515291
1666563896
1666610370
1666676383
1666676999
1666682410
1666755776
1666770434
1666854245
1666930612
1666275229
1666309920
1666349460
1666432859
1666474390
1666493459
1666504690
1666548748
1666660364
1666738249
1666740022
1666754464
1666772767
1666775881
1666786260
1666807303
1666819569
1666830801
1666836209
1666840799
1666853010
1666911305
1666291579
1666309060
1666312800
1666314036
1666315728
1666318049
1666333497
1666334049
1666335254
1666336499
1666350339
1666373479
1666374670
1666480039
1666581499
1666659959
1666673049
1666690989
1666808088
1666856929
1666889312
1666898833
1666906328
1666313949
1666340389
1666494810
1666537279
1666537894
1666538468
1666539069
1666582105
1666596739
1666614689
1666620629
1666645239
1666701659
1666711929
1666714199
1666723599
1666751229
1666773681
1666816849
1666827484
1666845563
1666883499
1666943642
1667081859
1666768249
1666569979
1667177480
1666362329
1666722380
1666601780
1666513549
1666611699
1666324359
1666616989
1667232509
1666837529
1666356779
