[749, 16, 671, 571, 52, 855, 958, 459, 246, 608, 555, 98, 871, 303, 884, 497, 197, 544, 904, 771, 845, 636, 522, 182, 90, 891, 209, 939, 62, 450, 342, 580, 377, 319, 691, 317, 948, 592, 757, 536, 184, 998, 229, 181, 691, 117, 789, 208, 746, 128, 536, 598, 920, 39, 260, 527, 619, 412, 667, 51, 230, 507, 287, 657, 519, 946, 696, 607, 675, 647, 876, 572, 131, 64, 527, 372, 643, 591, 195, 911]+
Fitness value: 0
Fitness value: 3
Fitness value: PT8.126399900S
Fitness value: 40647
+
[29, 70, 565, 718, 745, 697, 150, 927, 46, 188, 177, 149, 415, 113, 811, 22, 1, 747, 390, 973, 215, 560, 19, 370, 360, 999, 471, 301, 120, 641, 438, 309, 323, 783, 538, 664, 192, 640, 405, 692, 622, 959, 193, 49, 330, 361, 351, 278, 746, 817, 221, 369, 382, 277, 406, 123, 687, 568, 959, 103, 724, 313, 24, 633, 891, 902, 738, 47, 801, 826, 625, 574, 51, 707, 686, 407, 519, 99, 975, 174]+
Fitness value: 0
Fitness value: 2
Fitness value: PT4.323615900S
Fitness value: 36490
+
[552, 173, 839, 335, 788, 636, 209, 229, 918, 190, 565, 771, 372, 388, 796, 511, 966, 390, 892, 283, 934, 862, 235, 855, 37, 366, 482, 777, 55, 325, 412, 101, 237, 811, 53, 936, 733, 736, 505, 483, 129, 404, 560, 881, 643, 403, 189, 591, 200, 162, 223, 492, 218, 71, 150, 834, 627, 513, 394, 928, 71, 561, 47, 63, 422, 361, 24, 563, 852, 236, 562, 630, 295, 93, 424, 420, 195, 421, 495, 180]+
Fitness value: 0
Fitness value: 3
Fitness value: PT7.214075300S
Fitness value: 36265
+
[988, 338, 120, 204, 341, 514, 820, 393, 882, 75, 301, 353, 746, 426, 535, 365, 369, 151, 858, 664, 745, 24, 616, 515, 955, 461, 417, 339, 96, 684, 236, 91, 98, 407, 842, 917, 889, 502, 807, 229, 97, 32, 916, 470, 868, 208, 39, 794, 877, 282, 580, 107, 791, 532, 590, 881, 454, 703, 570, 5, 950, 799, 876, 839, 516, 427, 264, 833, 910, 61, 396, 950, 690, 265, 247, 774, 851, 552, 698, 402]+
Fitness value: 0
Fitness value: 3
Fitness value: PT7.554447200S
Fitness value: 41409
+
[594, 60, 954, 96, 646, 833, 590, 336, 29, 131, 773, 509, 280, 523, 353, 835, 692, 267, 113, 32, 982, 364, 878, 637, 671, 786, 391, 734, 150, 447, 760, 237, 852, 391, 166, 381, 160, 128, 200, 648, 937, 399, 173, 944, 29, 763, 939, 59, 863, 375, 135, 461, 141, 707, 620, 863, 97, 326, 981, 111, 418, 546, 563, 226, 273, 350, 479, 343, 710, 794, 219, 10, 410, 643, 854, 806, 471, 315, 806, 185]+
Fitness value: 0
Fitness value: 3
Fitness value: PT7.756004500S
Fitness value: 37953
+
[388, 120, 334, 579, 629, 946, 24, 667, 733, 417, 619, 461, 735, 201, 684, 104, 55, 726, 466, 623, 893, 543, 529, 460, 136, 996, 674, 582, 430, 490, 727, 23, 481, 384, 457, 135, 955, 442, 876, 464, 720, 372, 136, 611, 801, 949, 53, 263, 330, 431, 444, 751, 697, 777, 624, 237, 727, 451, 418, 979, 2, 64, 924, 713, 265, 312, 671, 197, 17, 552, 972, 712, 664, 878, 233, 533, 671, 773, 357, 595]+
Fitness value: 0
Fitness value: 3
Fitness value: PT8.598399100S
Fitness value: 41064
+
[350, 164, 958, 457, 972, 120, 436, 741, 873, 669, 309, 499, 975, 219, 985, 602, 628, 90, 731, 591, 874, 438, 28, 915, 610, 679, 879, 422, 936, 699, 336, 157, 192, 127, 681, 487, 97, 520, 491, 557, 943, 445, 814, 922, 754, 608, 520, 225, 796, 408, 349, 672, 51, 589, 218, 375, 869, 410, 284, 524, 380, 13, 886, 366, 640, 643, 103, 780, 688, 777, 420, 238, 637, 210, 364, 449, 337, 206, 874, 379]+
Fitness value: 0
Fitness value: 3
Fitness value: PT8.020324900S
Fitness value: 41660
+
[557, 949, 859, 529, 855, 714, 474, 394, 900, 652, 435, 451, 436, 784, 657, 749, 409, 371, 200, 685, 601, 939, 599, 262, 247, 584, 199, 205, 702, 664, 806, 766, 624, 353, 614, 841, 429, 681, 875, 665, 971, 28, 392, 455, 790, 604, 277, 615, 838, 32, 721, 407, 363, 105, 624, 683, 820, 294, 381, 684, 674, 883, 89, 682, 483, 71, 375, 903, 705, 585, 564, 712, 192, 574, 570, 247, 339, 560, 263, 825]+
Fitness value: 0
Fitness value: 2
Fitness value: PT4.438588400S
Fitness value: 44096
+
[633, 85, 675, 29, 620, 502, 54, 366, 674, 874, 28, 601, 809, 862, 330, 913, 439, 444, 15, 669, 662, 124, 445, 875, 75, 560, 870, 589, 135, 602, 873, 517, 512, 639, 184, 610, 10, 714, 301, 717, 908, 600, 571, 119, 87, 998, 753, 280, 151, 398, 154, 329, 33, 177, 871, 31, 73, 326, 657, 827, 562, 56, 579, 961, 981, 582, 305, 250, 48, 649, 577, 359, 852, 255, 916, 986, 691, 520, 938, 70]+
Fitness value: 0
Fitness value: 2
Fitness value: PT4.440645100S
Fitness value: 39116
+
[379, 900, 981, 227, 309, 766, 912, 219, 143, 93, 625, 378, 610, 211, 940, 268, 775, 18, 15, 825, 333, 930, 940, 474, 539, 739, 508, 203, 126, 858, 911, 751, 657, 593, 490, 474, 714, 813, 298, 360, 372, 313, 595, 433, 892, 48, 459, 103, 538, 335, 224, 988, 242, 718, 206, 49, 826, 884, 951, 811, 651, 193, 413, 20, 194, 104, 298, 954, 647, 807, 924, 549, 31, 702, 652, 218, 334, 60, 446, 656]+
Fitness value: 0
Fitness value: 3
Fitness value: PT8.246624200S
Fitness value: 40145
+
[686, 920, 963, 968, 69, 886, 313, 427, 831, 323, 805, 861, 672, 130, 967, 562, 797, 958, 166, 177, 414, 309, 130, 729, 96, 573, 604, 923, 332, 415, 808, 348, 554, 679, 131, 853, 966, 240, 675, 433, 243, 97, 933, 807, 81, 65, 798, 775, 616, 108, 125, 578, 35, 12, 793, 755, 803, 625, 117, 637, 622, 360, 593, 771, 391, 829, 39, 425, 448, 927, 494, 328, 930, 739, 471, 781, 184, 554, 121, 432]+
Fitness value: 0
Fitness value: 3
Fitness value: PT6.831829500S
Fitness value: 42135
+
[387, 595, 958, 217, 308, 362, 190, 494, 201, 58, 318, 29, 592, 538, 567, 60, 61, 298, 766, 36, 504, 701, 256, 544, 859, 130, 788, 75, 792, 330, 574, 918, 294, 886, 667, 999, 600, 125, 977, 754, 747, 171, 734, 656, 749, 199, 34, 453, 219, 186, 80, 455, 662, 79, 727, 234, 979, 585, 612, 345, 484, 890, 704, 429, 986, 366, 857, 540, 561, 984, 193, 323, 695, 232, 952, 497, 132, 954, 404, 933]+
Fitness value: 0
Fitness value: 3
Fitness value: PT7.459763500S
Fitness value: 39830
+
[883, 511, 977, 528, 666, 854, 59, 270, 25, 833, 35, 176, 151, 750, 310, 189, 840, 857, 502, 930, 20, 890, 844, 956, 889, 287, 828, 261, 394, 709, 805, 207, 394, 506, 552, 429, 844, 133, 696, 311, 417, 540, 717, 256, 541, 994, 724, 860, 924, 428, 884, 908, 396, 154, 343, 762, 389, 352, 10, 221, 610, 155, 649, 358, 464, 294, 277, 785, 844, 813, 628, 9, 721, 372, 826, 96, 772, 4, 755, 849]+
Fitness value: 0
Fitness value: 3
Fitness value: PT8.236523500S
Fitness value: 42402
+
[643, 879, 66, 598, 560, 439, 487, 186, 502, 554, 258, 755, 324, 874, 696, 406, 582, 359, 279, 801, 26, 33, 956, 478, 169, 420, 190, 287, 881, 315, 685, 758, 425, 554, 69, 442, 994, 307, 703, 817, 995, 907, 876, 429, 227, 460, 24, 633, 904, 59, 340, 526, 224, 699, 882, 825, 193, 103, 344, 51, 137, 964, 819, 995, 183, 940, 380, 628, 639, 600, 545, 74, 684, 406, 657, 611, 395, 135, 368, 926]+
Fitness value: 0
Fitness value: 3
Fitness value: PT7.262895600S
Fitness value: 40544
+
[456, 301, 993, 414, 216, 77, 364, 604, 438, 699, 936, 500, 800, 26, 214, 138, 896, 780, 813, 679, 749, 328, 274, 819, 478, 45, 420, 231, 866, 793, 972, 588, 583, 64, 133, 175, 956, 757, 752, 238, 746, 905, 831, 965, 627, 979, 805, 535, 702, 472, 369, 398, 191, 691, 958, 52, 244, 958, 189, 573, 230, 237, 771, 302, 635, 751, 385, 701, 640, 456, 350, 510, 91, 883, 598, 148, 723, 24, 176, 892]+
Fitness value: 0
Fitness value: 3
Fitness value: PT7.298835800S
Fitness value: 42258
+
[996, 284, 140, 485, 11, 470, 46, 487, 91, 757, 756, 304, 86, 587, 867, 598, 147, 189, 704, 525, 353, 403, 173, 192, 295, 734, 866, 137, 637, 381, 78, 926, 979, 464, 893, 481, 102, 677, 587, 53, 772, 440, 134, 80, 246, 115, 895, 634, 666, 423, 98, 471, 198, 740, 741, 324, 961, 400, 148, 819, 177, 460, 246, 838, 968, 799, 498, 930, 719, 236, 18, 228, 447, 332, 88, 111, 245, 397, 986, 851]+
Fitness value: 0
Fitness value: 3
Fitness value: PT7.659094600S
Fitness value: 36820
+
[679, 986, 802, 187, 139, 782, 889, 296, 405, 381, 626, 404, 120, 179, 330, 737, 188, 390, 584, 369, 310, 830, 660, 971, 789, 255, 174, 555, 246, 657, 798, 347, 133, 240, 785, 867, 393, 156, 55, 919, 475, 544, 450, 244, 940, 654, 468, 713, 408, 443, 728, 618, 335, 586, 63, 592, 809, 892, 212, 283, 871, 210, 789, 218, 278, 297, 124, 776, 439, 872, 344, 137, 474, 632, 151, 816, 67, 163, 599, 368]+
Fitness value: 0
Fitness value: 3
Fitness value: PT7.711119100S
Fitness value: 38695
+
[138, 259, 147, 750, 124, 432, 174, 985, 873, 717, 496, 169, 241, 38, 40, 204, 770, 720, 840, 232, 154, 206, 622, 395, 139, 103, 837, 593, 57, 313, 121, 531, 797, 234, 884, 976, 740, 351, 849, 637, 923, 81, 37, 818, 481, 983, 374, 664, 150, 79, 714, 387, 859, 363, 920, 52, 544, 188, 455, 457, 359, 281, 672, 615, 733, 746, 477, 108, 792, 783, 335, 12, 310, 352, 149, 204, 240, 826, 79, 33]+
Fitness value: 0
Fitness value: 3
Fitness value: PT8.780140300S
Fitness value: 35523
+
[600, 353, 333, 320, 343, 408, 949, 977, 790, 480, 312, 989, 127, 775, 749, 940, 307, 653, 685, 352, 646, 184, 833, 505, 301, 402, 612, 953, 56, 490, 754, 503, 270, 609, 621, 770, 233, 144, 551, 793, 685, 740, 934, 722, 838, 171, 576, 440, 334, 858, 891, 443, 404, 636, 273, 700, 522, 947, 742, 601, 791, 208, 502, 210, 292, 119, 583, 459, 147, 110, 805, 658, 611, 830, 701, 823, 276, 561, 903, 645]+
Fitness value: 0
Fitness value: 3
Fitness value: PT6.838358300S
Fitness value: 44363
+
[260, 844, 323, 735, 483, 629, 366, 683, 36, 228, 493, 711, 908, 267, 439, 143, 683, 657, 630, 818, 984, 273, 688, 805, 101, 78, 831, 432, 319, 939, 474, 142, 208, 932, 371, 868, 254, 948, 872, 278, 300, 902, 473, 631, 137, 621, 596, 982, 79, 386, 160, 836, 855, 587, 652, 608, 939, 500, 49, 392, 494, 89, 642, 45, 80, 357, 896, 392, 517, 555, 814, 16, 748, 913, 732, 65, 652, 804, 513, 55]+
Fitness value: 0
Fitness value: 3
Fitness value: PT7.252165900S
Fitness value: 41197
+
[115, 151, 170, 820, 249, 566, 405, 344, 504, 84, 61, 690, 463, 605, 287, 581, 150, 648, 713, 443, 808, 571, 181, 671, 276, 577, 495, 885, 430, 517, 745, 357, 182, 248, 441, 393, 674, 379, 193, 822, 361, 625, 477, 583, 282, 311, 360, 586, 118, 677, 708, 457, 85, 595, 925, 71, 435, 318, 103, 540, 158, 775, 504, 985, 974, 918, 395, 559, 110, 816, 617, 392, 856, 708, 146, 673, 603, 904, 58, 706]+
Fitness value: 0
Fitness value: 3
Fitness value: PT7.724414200S
Fitness value: 38368
+
[894, 140, 284, 19, 444, 128, 989, 285, 816, 971, 698, 809, 968, 243, 505, 687, 313, 390, 135, 946, 77, 665, 118, 432, 293, 75, 698, 678, 136, 195, 723, 696, 49, 891, 984, 403, 310, 131, 252, 977, 412, 366, 182, 724, 969, 153, 830, 726, 895, 100, 952, 82, 208, 247, 702, 310, 534, 681, 261, 874, 46, 236, 955, 190, 552, 292, 510, 264, 22, 654, 196, 366, 642, 335, 870, 340, 934, 498, 452, 542]+
Fitness value: 0
Fitness value: 2
Fitness value: PT4.240517300S
Fitness value: 38551
+
[773, 862, 264, 163, 374, 452, 997, 261, 874, 275, 253, 605, 323, 79, 654, 510, 940, 694, 936, 338, 610, 400, 921, 689, 258, 736, 902, 965, 622, 538, 567, 126, 580, 904, 807, 916, 236, 737, 420, 413, 241, 146, 935, 51, 4, 374, 372, 365, 470, 716, 433, 556, 216, 936, 249, 511, 140, 744, 351, 974, 659, 576, 592, 195, 336, 134, 136, 840, 729, 933, 201, 497, 421, 928, 806, 539, 928, 230, 653, 501]+
Fitness value: 0
Fitness value: 3
Fitness value: PT7.242793200S
Fitness value: 42592
+
[67, 212, 279, 181, 346, 802, 376, 662, 199, 824, 637, 914, 397, 487, 382, 930, 505, 987, 258, 229, 151, 54, 377, 451, 725, 719, 783, 851, 668, 118, 426, 418, 803, 177, 260, 85, 142, 65, 317, 119, 517, 480, 56, 787, 939, 520, 948, 821, 905, 124, 744, 814, 507, 986, 217, 328, 104, 201, 385, 887, 469, 830, 445, 991, 561, 355, 808, 753, 873, 551, 264, 481, 142, 243, 5, 726, 878, 400, 207, 444]+
Fitness value: 0
Fitness value: 3
Fitness value: PT6.715957600S
Fitness value: 39079
+
[353, 150, 697, 211, 380, 163, 445, 95, 740, 837, 497, 383, 525, 63, 993, 43, 878, 928, 829, 922, 942, 89, 683, 744, 89, 7, 777, 897, 607, 271, 145, 566, 732, 547, 433, 864, 650, 173, 390, 96, 411, 565, 335, 300, 976, 587, 844, 154, 782, 357, 340, 282, 927, 872, 350, 809, 970, 663, 868, 482, 453, 57, 294, 194, 506, 485, 774, 148, 257, 929, 539, 989, 955, 356, 545, 73, 709, 725, 138, 880]+
Fitness value: 0
Fitness value: 3
Fitness value: PT8.321167S
Fitness value: 41714
+
[940, 243, 31, 701, 576, 676, 788, 166, 960, 244, 98, 861, 581, 324, 889, 44, 11, 53, 370, 88, 518, 745, 161, 924, 389, 576, 319, 696, 971, 517, 297, 300, 538, 163, 547, 326, 420, 470, 337, 828, 12, 950, 213, 480, 574, 390, 251, 732, 222, 317, 969, 561, 877, 879, 132, 903, 697, 864, 396, 630, 216, 246, 171, 878, 988, 267, 298, 919, 572, 656, 503, 448, 831, 489, 535, 388, 352, 684, 328, 862]+
Fitness value: 0
Fitness value: 2
Fitness value: PT4.837576700S
Fitness value: 40366
+
[572, 519, 646, 166, 29, 380, 636, 417, 247, 951, 821, 358, 910, 561, 214, 791, 623, 10, 111, 759, 662, 133, 630, 421, 507, 439, 326, 340, 628, 70, 684, 337, 215, 66, 618, 732, 204, 580, 745, 784, 679, 817, 577, 616, 633, 220, 370, 602, 27, 45, 710, 282, 306, 208, 206, 531, 265, 927, 280, 363, 48, 766, 502, 60, 285, 659, 565, 691, 634, 374, 632, 14, 613, 697, 837, 442, 805, 938, 522, 255]+
Fitness value: 0
Fitness value: 3
Fitness value: PT7.421519S
Fitness value: 37845
+
[722, 405, 847, 697, 320, 630, 357, 877, 204, 948, 606, 238, 727, 413, 470, 648, 229, 636, 246, 864, 979, 111, 815, 627, 121, 211, 217, 473, 890, 884, 873, 662, 532, 737, 50, 648, 53, 802, 7, 301, 973, 894, 420, 516, 7, 509, 934, 960, 248, 323, 615, 592, 332, 463, 926, 164, 699, 782, 822, 718, 246, 355, 181, 975, 485, 905, 803, 628, 275, 666, 506, 417, 689, 994, 881, 533, 855, 809, 104, 705]+
Fitness value: 0
Fitness value: 3
Fitness value: PT6.741110400S
Fitness value: 44986
+
[4, 474, 65, 143, 856, 566, 519, 328, 131, 455, 221, 117, 557, 371, 507, 934, 511, 733, 35, 875, 657, 770, 251, 179, 551, 113, 352, 570, 476, 586, 272, 23, 27, 295, 679, 886, 57, 155, 105, 142, 907, 315, 905, 6, 881, 247, 555, 125, 426, 608, 45, 33, 674, 854, 67, 289, 110, 895, 23, 25, 863, 862, 379, 503, 673, 769, 920, 116, 133, 993, 335, 237, 394, 853, 45, 571, 259, 774, 967, 57]+
Fitness value: 0
Fitness value: 3
Fitness value: PT7.394526500S
Fitness value: 34241
+
[972, 984, 935, 21, 585, 456, 765, 235, 51, 218, 127, 415, 726, 635, 898, 842, 662, 354, 430, 689, 149, 585, 611, 58, 654, 436, 964, 186, 415, 144, 663, 849, 933, 566, 722, 931, 984, 713, 827, 38, 264, 117, 805, 749, 346, 771, 766, 631, 607, 676, 784, 119, 694, 298, 966, 283, 750, 719, 446, 933, 654, 608, 235, 736, 546, 166, 942, 170, 428, 904, 165, 118, 442, 367, 313, 440, 973, 299, 250, 527]+
Fitness value: 0
Fitness value: 3
Fitness value: PT6.939056S
Fitness value: 43435
+
[4, 573, 743, 23, 409, 597, 645, 486, 341, 902, 693, 937, 288, 59, 240, 783, 432, 289, 782, 991, 83, 205, 166, 688, 222, 709, 339, 719, 719, 451, 223, 192, 714, 188, 269, 708, 914, 867, 245, 719, 5, 959, 868, 490, 853, 125, 392, 31, 490, 575, 349, 30, 44, 216, 139, 562, 679, 916, 447, 798, 642, 632, 495, 303, 868, 11, 338, 387, 319, 194, 535, 243, 107, 539, 215, 903, 114, 441, 735, 81]+
Fitness value: 0
Fitness value: 3
Fitness value: PT8.289573200S
Fitness value: 36627
+
[697, 532, 716, 102, 928, 224, 596, 99, 526, 672, 131, 469, 279, 226, 588, 253, 645, 438, 229, 182, 69, 788, 831, 921, 306, 751, 446, 284, 151, 156, 773, 565, 338, 232, 399, 733, 716, 848, 729, 562, 454, 189, 57, 295, 280, 552, 659, 136, 172, 547, 822, 123, 276, 762, 631, 899, 816, 984, 517, 368, 444, 980, 773, 282, 689, 544, 432, 271, 605, 701, 797, 959, 35, 493, 712, 457, 910, 424, 476, 305]+
Fitness value: 0
Fitness value: 3
Fitness value: PT7.260471S
Fitness value: 39958
+
[213, 52, 444, 772, 71, 285, 328, 347, 874, 947, 896, 436, 810, 665, 5, 777, 147, 740, 284, 987, 348, 326, 750, 779, 506, 987, 156, 798, 710, 32, 616, 782, 726, 422, 254, 994, 199, 91, 520, 954, 538, 611, 635, 957, 656, 765, 608, 395, 671, 137, 812, 652, 426, 381, 370, 450, 667, 519, 549, 336, 359, 949, 883, 451, 353, 74, 5, 22, 559, 744, 703, 275, 581, 374, 795, 96, 25, 932, 634, 482]+
Fitness value: 0
Fitness value: 3
Fitness value: PT6.508077700S
Fitness value: 41461
+
[81, 516, 736, 613, 245, 251, 975, 737, 799, 695, 204, 670, 749, 905, 950, 471, 786, 198, 963, 303, 293, 671, 474, 615, 702, 620, 45, 634, 312, 451, 540, 307, 762, 195, 560, 528, 978, 216, 887, 94, 954, 190, 586, 945, 269, 607, 674, 299, 869, 53, 993, 469, 714, 786, 562, 786, 57, 798, 973, 90, 690, 113, 907, 440, 974, 483, 848, 575, 808, 497, 746, 298, 845, 469, 278, 47, 222, 514, 583, 68]+
Fitness value: 0
Fitness value: 3
Fitness value: PT8.048380900S
Fitness value: 43810
+
[25, 603, 606, 482, 854, 485, 278, 120, 560, 819, 224, 445, 732, 873, 804, 181, 310, 300, 936, 179, 858, 504, 689, 226, 813, 159, 29, 56, 334, 940, 251, 316, 134, 622, 942, 555, 805, 649, 323, 164, 121, 151, 308, 525, 518, 245, 127, 315, 186, 527, 133, 66, 79, 75, 365, 649, 272, 209, 29, 112, 83, 630, 748, 173, 76, 659, 354, 540, 364, 287, 79, 456, 877, 536, 439, 251, 699, 72, 186, 549]+
Fitness value: 0
Fitness value: 3
Fitness value: PT7.043709400S
Fitness value: 32255
+
[616, 420, 914, 861, 193, 284, 949, 536, 989, 394, 792, 5, 607, 235, 463, 902, 794, 431, 757, 78, 742, 197, 111, 164, 272, 368, 171, 289, 300, 689, 234, 52, 435, 190, 261, 790, 359, 187, 297, 23, 568, 800, 603, 355, 501, 773, 685, 13, 54, 848, 245, 168, 392, 952, 657, 510, 994, 260, 148, 725, 564, 448, 268, 703, 525, 501, 629, 327, 286, 176, 679, 231, 382, 516, 188, 136, 765, 243, 612, 606]+
Fitness value: 0
Fitness value: 3
Fitness value: PT8.144488700S
Fitness value: 36387
+
[57, 303, 545, 551, 276, 558, 84, 143, 546, 522, 461, 258, 57, 666, 998, 310, 322, 728, 931, 585, 272, 774, 446, 110, 325, 690, 57, 550, 161, 574, 746, 703, 459, 184, 810, 470, 296, 498, 575, 444, 82, 789, 150, 987, 198, 551, 414, 385, 901, 633, 147, 249, 149, 49, 966, 844, 775, 455, 369, 2, 784, 909, 424, 105, 88, 199, 340, 237, 25, 905, 899, 366, 388, 505, 807, 784, 200, 954, 938, 362]+
Fitness value: 0
Fitness value: 2
Fitness value: PT4.286873S
Fitness value: 37359
+
[745, 281, 183, 605, 366, 329, 968, 704, 373, 491, 6, 187, 863, 104, 324, 408, 382, 515, 171, 741, 297, 347, 880, 603, 129, 447, 169, 264, 214, 729, 671, 786, 653, 291, 443, 943, 424, 461, 766, 652, 90, 63, 541, 2, 327, 679, 765, 922, 441, 848, 40, 403, 571, 765, 24, 894, 587, 823, 73, 37, 693, 574, 319, 782, 849, 266, 667, 377, 371, 622, 944, 915, 901, 127, 124, 122, 207, 990, 750, 450]+
Fitness value: 0
Fitness value: 2
Fitness value: PT4.292427400S
Fitness value: 38860
+
[863, 983, 331, 189, 442, 473, 883, 38, 710, 209, 667, 4, 719, 118, 645, 657, 961, 479, 615, 521, 423, 178, 957, 18, 535, 749, 456, 570, 355, 38, 823, 553, 380, 119, 354, 83, 496, 820, 381, 242, 767, 66, 512, 106, 45, 741, 739, 972, 153, 416, 769, 604, 212, 144, 762, 381, 423, 67, 889, 575, 861, 384, 225, 198, 657, 391, 47, 808, 225, 777, 249, 494, 437, 445, 925, 82, 253, 482, 984, 362]+
Fitness value: 0
Fitness value: 3
Fitness value: PT8.492172900S
Fitness value: 37666
+
[618, 71, 177, 53, 430, 173, 180, 44, 50, 49, 460, 728, 469, 770, 16, 331, 670, 488, 947, 589, 847, 536, 174, 116, 773, 6, 452, 753, 69, 51, 58, 748, 852, 923, 603, 650, 441, 105, 641, 989, 38, 847, 5, 509, 577, 653, 492, 655, 584, 374, 599, 431, 462, 198, 784, 515, 127, 602, 701, 237, 424, 239, 460, 505, 796, 376, 117, 206, 111, 12, 778, 269, 411, 76, 419, 718, 936, 904, 715, 639]+
Fitness value: 0
Fitness value: 3
Fitness value: PT8.221116200S
Fitness value: 35601
+
[884, 309, 611, 974, 215, 555, 514, 913, 738, 262, 408, 153, 162, 141, 903, 973, 729, 271, 863, 397, 516, 84, 485, 941, 283, 662, 184, 25, 969, 572, 594, 681, 461, 92, 255, 375, 862, 17, 243, 406, 839, 722, 368, 233, 194, 410, 155, 269, 844, 742, 82, 742, 915, 376, 292, 826, 802, 972, 277, 434, 604, 468, 690, 438, 140, 91, 334, 183, 713, 650, 571, 931, 863, 80, 295, 246, 183, 245, 418, 327]+
Fitness value: 0
Fitness value: 3
Fitness value: PT7.502962100S
Fitness value: 38646
+
[723, 362, 380, 541, 568, 114, 729, 196, 324, 20, 533, 338, 191, 152, 647, 645, 58, 512, 400, 56, 93, 783, 322, 218, 949, 432, 135, 496, 847, 810, 818, 502, 844, 735, 788, 57, 325, 575, 438, 199, 888, 162, 964, 182, 597, 118, 358, 533, 788, 114, 168, 133, 449, 433, 402, 425, 73, 818, 4, 858, 113, 403, 468, 499, 736, 787, 580, 661, 249, 110, 631, 836, 741, 893, 720, 610, 703, 384, 489, 230]+
Fitness value: 0
Fitness value: 3
Fitness value: PT6.833017500S
Fitness value: 37165
+
[301, 77, 707, 937, 355, 200, 269, 358, 62, 141, 645, 674, 594, 821, 160, 90, 242, 78, 239, 904, 255, 481, 182, 631, 204, 521, 686, 910, 875, 698, 863, 625, 729, 800, 52, 761, 367, 941, 204, 765, 641, 186, 981, 472, 791, 88, 814, 393, 459, 265, 315, 715, 132, 794, 193, 396, 451, 347, 335, 729, 550, 179, 517, 69, 593, 573, 763, 6, 149, 100, 724, 486, 4, 519, 404, 492, 834, 395, 892, 113]+
Fitness value: 0
Fitness value: 3
Fitness value: PT8.305781300S
Fitness value: 37263
+
[613, 574, 277, 717, 825, 607, 569, 664, 746, 850, 639, 987, 576, 156, 167, 319, 981, 781, 304, 400, 404, 864, 555, 138, 346, 964, 23, 856, 763, 219, 940, 953, 522, 117, 771, 428, 41, 628, 163, 910, 880, 588, 309, 810, 673, 178, 559, 950, 845, 266, 261, 673, 397, 793, 813, 943, 283, 989, 267, 156, 371, 220, 371, 239, 269, 922, 989, 103, 769, 322, 40, 602, 729, 905, 119, 885, 205, 946, 771, 721]+
Fitness value: 0
Fitness value: 3
Fitness value: PT9.586107200S
Fitness value: 44488
+
[125, 923, 393, 266, 999, 225, 548, 461, 810, 35, 86, 409, 838, 185, 963, 202, 740, 945, 429, 34, 496, 386, 737, 359, 746, 656, 969, 949, 422, 266, 545, 82, 238, 97, 339, 348, 850, 143, 502, 287, 918, 915, 915, 478, 750, 231, 882, 141, 286, 476, 31, 272, 597, 681, 696, 65, 191, 495, 841, 902, 241, 635, 806, 681, 95, 309, 638, 100, 294, 250, 249, 364, 50, 631, 306, 888, 62, 994, 179, 325]+
Fitness value: 0
Fitness value: 3
Fitness value: PT7.674471700S
Fitness value: 37893
+
[996, 707, 857, 522, 990, 934, 135, 443, 874, 939, 23, 843, 70, 990, 124, 926, 709, 239, 560, 64, 191, 825, 203, 437, 614, 737, 815, 445, 830, 875, 445, 226, 622, 745, 847, 707, 613, 589, 720, 897, 396, 858, 168, 549, 703, 643, 325, 978, 165, 134, 149, 831, 204, 264, 100, 206, 326, 718, 403, 88, 201, 322, 915, 878, 621, 92, 98, 752, 522, 390, 868, 474, 452, 170, 712, 902, 160, 195, 217, 912]+
Fitness value: 0
Fitness value: 3
Fitness value: PT6.800855900S
Fitness value: 42389
+
[907, 409, 367, 990, 437, 408, 284, 375, 92, 190, 459, 22, 276, 785, 645, 381, 935, 300, 613, 465, 778, 814, 718, 21, 115, 112, 194, 853, 904, 105, 602, 670, 289, 651, 931, 590, 648, 111, 841, 942, 953, 998, 432, 139, 766, 848, 348, 134, 606, 908, 536, 727, 553, 690, 641, 10, 700, 632, 254, 784, 813, 270, 697, 89, 454, 173, 170, 320, 849, 158, 815, 442, 679, 910, 567, 453, 376, 659, 898, 918]+
Fitness value: 0
Fitness value: 3
Fitness value: PT7.383601600S
Fitness value: 42598
+
[367, 232, 699, 155, 233, 118, 465, 232, 42, 151, 741, 589, 383, 73, 303, 274, 958, 449, 249, 233, 968, 935, 543, 74, 347, 93, 327, 280, 554, 316, 729, 97, 346, 324, 702, 162, 371, 104, 142, 545, 917, 951, 445, 832, 276, 981, 480, 376, 516, 27, 948, 33, 562, 993, 710, 443, 352, 601, 584, 987, 895, 297, 932, 416, 111, 893, 874, 147, 685, 520, 566, 971, 861, 674, 825, 875, 653, 606, 486, 304]+
Fitness value: 0
Fitness value: 3
Fitness value: PT7.486364300S
Fitness value: 39510
+
[50, 409, 406, 373, 782, 798, 926, 206, 240, 456, 916, 666, 556, 464, 455, 865, 419, 776, 852, 560, 509, 13, 683, 268, 235, 937, 961, 759, 47, 920, 735, 461, 929, 762, 511, 537, 43, 752, 516, 107, 425, 422, 722, 292, 786, 184, 891, 513, 279, 963, 378, 138, 651, 174, 721, 541, 630, 640, 394, 846, 162, 981, 233, 48, 480, 973, 549, 703, 575, 16, 722, 729, 156, 598, 272, 853, 804, 591, 150, 979]+
Fitness value: 0
Fitness value: 3
Fitness value: PT6.703629700S
Fitness value: 43024
+
[816, 657, 737, 649, 550, 660, 254, 215, 27, 573, 254, 170, 354, 576, 168, 626, 832, 841, 751, 448, 452, 405, 616, 660, 969, 944, 676, 986, 862, 209, 354, 947, 360, 521, 948, 822, 531, 242, 40, 609, 279, 917, 920, 21, 246, 764, 537, 537, 727, 421, 346, 874, 989, 218, 120, 776, 882, 545, 256, 120, 912, 500, 615, 652, 226, 803, 22, 357, 651, 260, 351, 389, 551, 592, 990, 793, 960, 581, 993, 891]+
Fitness value: 0
Fitness value: 3
Fitness value: PT7.967855300S
Fitness value: 44895
+
